246.467 -61.9557
291.399 -84.3883
274.338 -136.731
337.426 -128.924
339.322 -174.623
394.02 -179.291
380.136 -230.356
421.028 -220.678
416.914 -262.223
375.297 -268.523
399.698 -302.946
352.654 -308.005
357.098 -362.214
285.979 -325.908
246.062 -343.67
219.476 -394.923
247.452 -439.567
185.326 -442.36
150.915 -405.878
97.638 -389.062
123.555 -328.786
85.5721 -307.803
187.147 -32.1534
211.016 -125.82
203.337 -209.626
148.317 -190.318
132.944 -250.563
217.236 -491.865
328.001 -440.875
319.066 -49.5508
137.786 -132.82
47.0987 -126.98
