248.525 -35.5
273.5 -62.15
254.299 -99.4249
233.949 -124.45
249.699 -143.125
278.599 -154.55
298.874 -135.775
320.025 -100.725
345.425 -94.9249
366.449 -112.5
394.399 -116.85
417.324 -139.375
399.174 -160.3
381.649 -177.825
378.249 -199.725
354.275 -216.375
352.5 -247.075
396.874 -277.849
417.2 -307.925
438.624 -331.675
417.175 -353.149
436.399 -380.324
404.75 -393.398
377.151 -385.498
349.626 -385.498
320.977 -403.948
290.553 -410.348
257.029 -436.072
219.354 -436.072
197.079 -457.122
167.33 -457.122
142.555 -441.347
119.43 -456.497
78.2798 -425.997
46.3297 -421.697
39.1047 -391.673
43.9297 -330.874
30.3797 -279.126
59.1047 -263.701
109.695 -221.148
126.723 -266.779
85.7192 -293.73
65.1513 -333.617
79.4563 -391.029
132.587 -381.791
162.712 -380.993
198.16 -347.186
227.762 -337.849
207.848 -288.914
245.75 -253.716
292.728 -209.529
416.021 -205.854
451.132 -288.782
261.35 -384.037
263.265 -344.847
256.31 -316.693
287.306 -284.176
255.7 -245.81
238.906 -220.526
215.762 -199.666
181.98 -179.591
177.159 -140.957
157.469 -122.85
130.907 -92.3861
113.141 -113.367
97.1337 -137.279
96.6348 -165.977
56.1147 -172.757
67.9997 -226.593
30.3864 -157.503
25.7574 -126.145
